num =

  Columns 1 through 13

    0.0000   -0.0000   -0.0001    0.0000    0.0005   -0.0000   -0.0009    0.0000    0.0012   -0.0000   -0.0009    0.0000    0.0005

  Columns 14 through 17

   -0.0000   -0.0001    0.0000    0.0000

den =

  Columns 1 through 13

    1.0000   -0.9610    5.3591   -4.3221   12.6933   -8.5446   17.2823   -9.5653   14.7493   -6.5221    8.0577   -2.7005    2.7442

  Columns 14 through 17

   -0.6273    0.5310   -0.0629    0.0445