num =

  Columns 1 through 13

    0.0000   -0.0000   -0.0000   -0.0000   -0.0000    0.0000    0.0000    0.0000    0.0000    0.0000    0.0000    0.0000    0.0000

  Columns 14 through 26

    0.0000    0.0000    0.0000    0.0000    0.0000    0.0000    0.0000    0.0000    0.0000   -0.0000   -0.0000   -0.0000   -0.0000

  Columns 27 through 39

   -0.0000   -0.0000   -0.0000   -0.0000   -0.0000   -0.0000   -0.0000   -0.0000   -0.0000   -0.0000   -0.0000   -0.0000   -0.0000

  Columns 40 through 52

   -0.0000    0.0000    0.0000    0.0000   -0.0000   -0.0000   -0.0000   -0.0000   -0.0000   -0.0000   -0.0000   -0.0000   -0.0000

  Columns 53 through 65

   -0.0000   -0.0000   -0.0000   -0.0000   -0.0000    0.0000    0.0000    0.0000    0.0000    0.0000    0.0000    0.0000    0.0000

  Columns 66 through 78

    0.0000    0.0000    0.0000    0.0000    0.0000    0.0000    0.0000    0.0000    0.0000   -0.0000   -0.0000   -0.0000   -0.0000

  Columns 79 through 91

   -0.0000   -0.0000   -0.0000   -0.0000   -0.0000   -0.0000   -0.0000   -0.0000   -0.0000   -0.0000   -0.0000   -0.0000   -0.0000

  Columns 92 through 104

   -0.0000    0.0000    0.0000    0.0000    0.0000    0.0000    0.0000    0.0000    0.0000   -0.0000   -0.0000   -0.0000   -0.0000

  Columns 105 through 117

   -0.0000   -0.0000   -0.0000   -0.0000   -0.0000    0.0000    0.0000    0.0000    0.0000    0.0000    0.0001    0.0001    0.0001

  Columns 118 through 130

    0.0001    0.0001    0.0001    0.0001    0.0001    0.0001    0.0001    0.0000    0.0000    0.0000   -0.0000   -0.0000   -0.0001

  Columns 131 through 143

   -0.0001   -0.0001   -0.0001   -0.0001   -0.0001   -0.0001   -0.0001   -0.0001   -0.0001   -0.0001   -0.0001   -0.0001   -0.0000

  Columns 144 through 156

   -0.0000    0.0000    0.0000    0.0000    0.0001    0.0001    0.0001    0.0001    0.0001    0.0001    0.0000    0.0000    0.0000

  Columns 157 through 169

    0.0000    0.0000   -0.0000   -0.0000   -0.0000    0.0000    0.0000    0.0000    0.0000    0.0001    0.0001    0.0001    0.0001

  Columns 170 through 182

    0.0002    0.0002    0.0002    0.0002    0.0002    0.0002    0.0001    0.0001    0.0001    0.0000   -0.0000   -0.0001   -0.0001

  Columns 183 through 195

   -0.0002   -0.0002   -0.0003   -0.0003   -0.0003   -0.0003   -0.0003   -0.0003   -0.0003   -0.0003   -0.0002   -0.0002   -0.0001

  Columns 196 through 208

   -0.0000    0.0000    0.0001    0.0001    0.0002    0.0002    0.0002    0.0003    0.0003    0.0002    0.0002    0.0002    0.0002

  Columns 209 through 221

    0.0001    0.0001    0.0001    0.0000    0.0000    0.0000   -0.0000    0.0000    0.0000    0.0001    0.0001    0.0001    0.0002

  Columns 222 through 234

    0.0002    0.0002    0.0003    0.0003    0.0003    0.0003    0.0002    0.0002    0.0001    0.0000   -0.0001   -0.0002   -0.0003

  Columns 235 through 247

   -0.0004   -0.0005   -0.0006   -0.0006   -0.0007   -0.0007   -0.0007   -0.0007   -0.0007   -0.0006   -0.0005   -0.0004   -0.0003

  Columns 248 through 260

   -0.0001    0.0000    0.0002    0.0003    0.0004    0.0005    0.0006    0.0007    0.0007    0.0007    0.0007    0.0006    0.0006

  Columns 261 through 273

    0.0005    0.0004    0.0003    0.0002    0.0001    0.0000   -0.0000   -0.0001   -0.0001   -0.0001   -0.0001   -0.0000    0.0000

  Columns 274 through 286

    0.0001    0.0002    0.0002    0.0003    0.0003    0.0003    0.0003    0.0003    0.0002    0.0001   -0.0001   -0.0002   -0.0004

  Columns 287 through 299

   -0.0006   -0.0007   -0.0009   -0.0011   -0.0012   -0.0013   -0.0013   -0.0013   -0.0013   -0.0012   -0.0010   -0.0008   -0.0006

  Columns 300 through 312

   -0.0003    0.0000    0.0003    0.0006    0.0009    0.0011    0.0013    0.0015    0.0016    0.0016    0.0016    0.0015    0.0014

  Columns 313 through 325

    0.0012    0.0010    0.0008    0.0006    0.0003    0.0001   -0.0001   -0.0003   -0.0004   -0.0005   -0.0006   -0.0005   -0.0005

  Columns 326 through 338

   -0.0004   -0.0003   -0.0002   -0.0001    0.0000    0.0001    0.0002    0.0002    0.0002    0.0001   -0.0000   -0.0002   -0.0004

  Columns 339 through 351

   -0.0007   -0.0010   -0.0012   -0.0015   -0.0017   -0.0019   -0.0020   -0.0021   -0.0021   -0.0019   -0.0017   -0.0014   -0.0010

  Columns 352 through 364

   -0.0006   -0.0001    0.0004    0.0010    0.0015    0.0020    0.0024    0.0028    0.0031    0.0032    0.0033    0.0032    0.0030

  Columns 365 through 377

    0.0027    0.0023    0.0019    0.0014    0.0008    0.0003   -0.0002   -0.0007   -0.0011   -0.0014   -0.0017   -0.0018   -0.0019

  Columns 378 through 390

   -0.0018   -0.0017   -0.0015   -0.0012   -0.0010   -0.0007   -0.0004   -0.0002   -0.0001    0.0000   -0.0000   -0.0001   -0.0003

  Columns 391 through 403

   -0.0006   -0.0009   -0.0013   -0.0017   -0.0021   -0.0025   -0.0027   -0.0029   -0.0030   -0.0029   -0.0027   -0.0023   -0.0018

  Columns 404 through 416

   -0.0011   -0.0003    0.0006    0.0015    0.0025    0.0035    0.0044    0.0051    0.0058    0.0062    0.0065    0.0065    0.0062

  Columns 417 through 429

    0.0058    0.0051    0.0043    0.0032    0.0021    0.0009   -0.0003   -0.0015   -0.0026   -0.0036   -0.0044   -0.0050   -0.0054

  Columns 430 through 442

   -0.0055   -0.0054   -0.0052   -0.0047   -0.0041   -0.0034   -0.0026   -0.0018   -0.0011   -0.0005   -0.0000    0.0002    0.0003

  Columns 443 through 455

    0.0002   -0.0001   -0.0005   -0.0011   -0.0018   -0.0026   -0.0033   -0.0039   -0.0043   -0.0045   -0.0045   -0.0041   -0.0034

  Columns 456 through 468

   -0.0023   -0.0009    0.0009    0.0029    0.0051    0.0074    0.0097    0.0119    0.0139    0.0155    0.0167    0.0174    0.0174

  Columns 469 through 481

    0.0168    0.0155    0.0135    0.0109    0.0076    0.0038   -0.0004   -0.0048   -0.0094   -0.0138   -0.0181   -0.0219   -0.0251

  Columns 482 through 494

   -0.0276   -0.0292   -0.0299   -0.0296   -0.0282   -0.0258   -0.0225   -0.0182   -0.0133   -0.0078   -0.0018    0.0042    0.0103

  Columns 495 through 507

    0.0161    0.0214    0.0260    0.0298    0.0327    0.0344    0.0350    0.0344    0.0327    0.0298    0.0260    0.0214    0.0161

  Columns 508 through 520

    0.0103    0.0042   -0.0018   -0.0078   -0.0133   -0.0182   -0.0225   -0.0258   -0.0282   -0.0296   -0.0299   -0.0292   -0.0276

  Columns 521 through 533

   -0.0251   -0.0219   -0.0181   -0.0138   -0.0094   -0.0048   -0.0004    0.0038    0.0076    0.0109    0.0135    0.0155    0.0168

  Columns 534 through 546

    0.0174    0.0174    0.0167    0.0155    0.0139    0.0119    0.0097    0.0074    0.0051    0.0029    0.0009   -0.0009   -0.0023

  Columns 547 through 559

   -0.0034   -0.0041   -0.0045   -0.0045   -0.0043   -0.0039   -0.0033   -0.0026   -0.0018   -0.0011   -0.0005   -0.0001    0.0002

  Columns 560 through 572

    0.0003    0.0002   -0.0000   -0.0005   -0.0011   -0.0018   -0.0026   -0.0034   -0.0041   -0.0047   -0.0052   -0.0054   -0.0055

  Columns 573 through 585

   -0.0054   -0.0050   -0.0044   -0.0036   -0.0026   -0.0015   -0.0003    0.0009    0.0021    0.0032    0.0043    0.0051    0.0058

  Columns 586 through 598

    0.0062    0.0065    0.0065    0.0062    0.0058    0.0051    0.0044    0.0035    0.0025    0.0015    0.0006   -0.0003   -0.0011

  Columns 599 through 611

   -0.0018   -0.0023   -0.0027   -0.0029   -0.0030   -0.0029   -0.0027   -0.0025   -0.0021   -0.0017   -0.0013   -0.0009   -0.0006

  Columns 612 through 624

   -0.0003   -0.0001   -0.0000    0.0000   -0.0001   -0.0002   -0.0004   -0.0007   -0.0010   -0.0012   -0.0015   -0.0017   -0.0018

  Columns 625 through 637

   -0.0019   -0.0018   -0.0017   -0.0014   -0.0011   -0.0007   -0.0002    0.0003    0.0008    0.0014    0.0019    0.0023    0.0027

  Columns 638 through 650

    0.0030    0.0032    0.0033    0.0032    0.0031    0.0028    0.0024    0.0020    0.0015    0.0010    0.0004   -0.0001   -0.0006

