num =

   1.0e-03 *

  Columns 1 through 13

    0.0012    0.0000   -0.0124   -0.0000    0.0558   -0.0000   -0.1488   -0.0000    0.2605   -0.0000   -0.3126   -0.0000    0.2605

  Columns 14 through 21

    0.0000   -0.1488   -0.0000    0.0558    0.0000   -0.0124   -0.0000    0.0012

den =

  Columns 1 through 13

    1.0000   -1.4111    7.0280   -8.2135   22.0054  -21.5981   40.5236  -33.5487   48.6385  -33.8305   39.7415  -22.9178   22.3591

  Columns 14 through 21

  -10.4108    8.5353   -3.0532    2.1093   -0.5238    0.3033   -0.0400    0.0191