num =

  Columns 1 through 13

   -0.0000   -0.0000    0.0000    0.0000   -0.0000   -0.0000   -0.0000    0.0000   -0.0000    0.0000    0.0000   -0.0000   -0.0000

  Columns 14 through 26

    0.0000   -0.0000    0.0000    0.0000   -0.0000   -0.0000    0.0000   -0.0000   -0.0000    0.0000    0.0000   -0.0000   -0.0000

  Columns 27 through 39

    0.0000   -0.0000    0.0000    0.0000   -0.0000   -0.0000    0.0000   -0.0000    0.0000    0.0000   -0.0000   -0.0000   -0.0000

  Columns 40 through 52

    0.0000   -0.0000    0.0000    0.0000   -0.0000   -0.0000    0.0000   -0.0000    0.0000    0.0000   -0.0000   -0.0000    0.0000

  Columns 53 through 65

   -0.0000   -0.0000    0.0000    0.0000   -0.0000   -0.0000    0.0000   -0.0000    0.0000    0.0000   -0.0000   -0.0000    0.0000

  Columns 66 through 78

   -0.0000    0.0000    0.0000   -0.0000   -0.0000   -0.0000    0.0000   -0.0000    0.0000    0.0000   -0.0000   -0.0000    0.0000

  Columns 79 through 91

   -0.0000    0.0000    0.0000   -0.0000   -0.0000    0.0000   -0.0000   -0.0000    0.0000    0.0000   -0.0000   -0.0000    0.0000

  Columns 92 through 104

   -0.0000    0.0000    0.0000   -0.0000   -0.0000    0.0000   -0.0000    0.0000    0.0001   -0.0000   -0.0001   -0.0000    0.0000

  Columns 105 through 117

   -0.0000    0.0000    0.0000   -0.0001   -0.0000    0.0000   -0.0000    0.0000    0.0001   -0.0000   -0.0001    0.0000   -0.0000

  Columns 118 through 130

   -0.0000    0.0001    0.0000   -0.0001   -0.0000    0.0000   -0.0000    0.0001    0.0001   -0.0001   -0.0001    0.0000   -0.0000

  Columns 131 through 143

    0.0000    0.0001    0.0000   -0.0001   -0.0000    0.0000   -0.0000    0.0001    0.0001   -0.0001   -0.0001    0.0000   -0.0000

  Columns 144 through 156

    0.0000    0.0001   -0.0000   -0.0001    0.0000    0.0000   -0.0000    0.0002    0.0001   -0.0002   -0.0001    0.0000   -0.0000

  Columns 157 through 169

    0.0001    0.0002   -0.0001   -0.0001    0.0000   -0.0000    0.0000    0.0002    0.0000   -0.0002   -0.0000    0.0000   -0.0000

  Columns 170 through 182

    0.0002    0.0001   -0.0002   -0.0001    0.0001   -0.0000    0.0001    0.0002   -0.0001   -0.0002    0.0000    0.0000   -0.0000

  Columns 183 through 195

    0.0003    0.0001   -0.0003   -0.0001    0.0001   -0.0001    0.0002    0.0003   -0.0002   -0.0003    0.0001   -0.0000    0.0000

  Columns 196 through 208

    0.0003   -0.0000   -0.0004   -0.0000    0.0000   -0.0001    0.0003    0.0002   -0.0003   -0.0002    0.0001   -0.0001    0.0001

  Columns 209 through 221

    0.0004   -0.0001   -0.0004    0.0000   -0.0000   -0.0000    0.0004    0.0002   -0.0005   -0.0002    0.0001   -0.0001    0.0003

  Columns 222 through 234

    0.0004   -0.0003   -0.0004    0.0001   -0.0001    0.0001    0.0006   -0.0000   -0.0006   -0.0001    0.0001   -0.0001    0.0005

  Columns 235 through 247

    0.0004   -0.0005   -0.0004    0.0001   -0.0001    0.0002    0.0006   -0.0002   -0.0006    0.0000   -0.0000   -0.0000    0.0007

  Columns 248 through 260

    0.0002   -0.0007   -0.0003    0.0001   -0.0002    0.0004    0.0007   -0.0005   -0.0006    0.0001   -0.0001    0.0001    0.0009

  Columns 261 through 273

   -0.0000   -0.0009   -0.0001    0.0001   -0.0002    0.0007    0.0006   -0.0008   -0.0005    0.0002   -0.0002    0.0003    0.0010

  Columns 274 through 286

   -0.0003   -0.0010    0.0001   -0.0000   -0.0001    0.0010    0.0004   -0.0011   -0.0004    0.0002   -0.0002    0.0007    0.0010

  Columns 287 through 299

   -0.0007   -0.0009    0.0002   -0.0001    0.0002    0.0013   -0.0000   -0.0013   -0.0002    0.0001   -0.0002    0.0011    0.0009

  Columns 300 through 312

   -0.0012   -0.0008    0.0003   -0.0003    0.0005    0.0015   -0.0005   -0.0014    0.0001   -0.0000   -0.0001    0.0015    0.0005

  Columns 313 through 325

   -0.0016   -0.0006    0.0003   -0.0004    0.0010    0.0015   -0.0011   -0.0014    0.0003   -0.0002    0.0002    0.0019    0.0000

  Columns 326 through 338

   -0.0019   -0.0002    0.0002   -0.0003    0.0016    0.0013   -0.0017   -0.0012    0.0004   -0.0004    0.0007    0.0021   -0.0007

  Columns 339 through 351

   -0.0021    0.0001    0.0000   -0.0001    0.0022    0.0008   -0.0023   -0.0008    0.0005   -0.0005    0.0014    0.0021   -0.0016

  Columns 352 through 364

   -0.0020    0.0004   -0.0003    0.0003    0.0027   -0.0000   -0.0028   -0.0003    0.0003   -0.0005    0.0023    0.0018   -0.0025

  Columns 365 through 377

   -0.0017    0.0006   -0.0006    0.0011    0.0031   -0.0011   -0.0030    0.0002   -0.0000   -0.0002    0.0032    0.0011   -0.0034

  Columns 378 through 390

   -0.0012    0.0007   -0.0008    0.0021    0.0031   -0.0023   -0.0030    0.0006   -0.0004    0.0005    0.0040   -0.0000   -0.0041

  Columns 391 through 403

   -0.0005    0.0005   -0.0007    0.0034    0.0027   -0.0037   -0.0026    0.0010   -0.0009    0.0016    0.0046   -0.0016   -0.0045

  Columns 404 through 416

    0.0003   -0.0000   -0.0003    0.0048    0.0017   -0.0051   -0.0018    0.0010   -0.0012    0.0032    0.0048   -0.0036   -0.0045

  Columns 417 through 429

    0.0010   -0.0006    0.0008    0.0062    0.0000   -0.0064   -0.0008    0.0007   -0.0011    0.0053    0.0043   -0.0059   -0.0041

  Columns 430 through 442

    0.0015   -0.0014    0.0026    0.0074   -0.0026   -0.0073    0.0004   -0.0000   -0.0004    0.0079    0.0028   -0.0085   -0.0030

  Columns 443 through 455

    0.0017   -0.0020    0.0054    0.0082   -0.0061   -0.0078    0.0017   -0.0011    0.0013    0.0110   -0.0000   -0.0115   -0.0014

  Columns 456 through 468

    0.0013   -0.0021    0.0098    0.0080   -0.0112   -0.0078    0.0029   -0.0027    0.0050    0.0148   -0.0052   -0.0150    0.0009

  Columns 469 through 481

   -0.0000   -0.0009    0.0171    0.0063   -0.0192   -0.0070    0.0039   -0.0046    0.0131    0.0203   -0.0156   -0.0205    0.0046

  Columns 482 through 494

   -0.0031    0.0038    0.0327   -0.0000   -0.0371   -0.0049    0.0046   -0.0078    0.0394    0.0346   -0.0523   -0.0397    0.0167

  Columns 495 through 507

   -0.0172    0.0381    0.1358   -0.0613   -0.2596    0.0294    0.3125    0.0294   -0.2596   -0.0613    0.1358    0.0381   -0.0172

  Columns 508 through 520

    0.0167   -0.0397   -0.0523    0.0346    0.0394   -0.0078    0.0046   -0.0049   -0.0371   -0.0000    0.0327    0.0038   -0.0031

  Columns 521 through 533

    0.0046   -0.0205   -0.0156    0.0203    0.0131   -0.0046    0.0039   -0.0070   -0.0192    0.0063    0.0171   -0.0009   -0.0000

  Columns 534 through 546

    0.0009   -0.0150   -0.0052    0.0148    0.0050   -0.0027    0.0029   -0.0078   -0.0112    0.0080    0.0098   -0.0021    0.0013

  Columns 547 through 559

   -0.0014   -0.0115   -0.0000    0.0110    0.0013   -0.0011    0.0017   -0.0078   -0.0061    0.0082    0.0054   -0.0020    0.0017

  Columns 560 through 572

   -0.0030   -0.0085    0.0028    0.0079   -0.0004   -0.0000    0.0004   -0.0073   -0.0026    0.0074    0.0026   -0.0014    0.0015

  Columns 573 through 585

   -0.0041   -0.0059    0.0043    0.0053   -0.0011    0.0007   -0.0008   -0.0064    0.0000    0.0062    0.0008   -0.0006    0.0010

  Columns 586 through 598

   -0.0045   -0.0036    0.0048    0.0032   -0.0012    0.0010   -0.0018   -0.0051    0.0017    0.0048   -0.0003   -0.0000    0.0003

  Columns 599 through 611

   -0.0045   -0.0016    0.0046    0.0016   -0.0009    0.0010   -0.0026   -0.0037    0.0027    0.0034   -0.0007    0.0005   -0.0005

  Columns 612 through 624

   -0.0041   -0.0000    0.0040    0.0005   -0.0004    0.0006   -0.0030   -0.0023    0.0031    0.0021   -0.0008    0.0007   -0.0012

  Columns 625 through 637

   -0.0034    0.0011    0.0032   -0.0002   -0.0000    0.0002   -0.0030   -0.0011    0.0031    0.0011   -0.0006    0.0006   -0.0017

  Columns 638 through 650

   -0.0025    0.0018    0.0023   -0.0005    0.0003   -0.0003   -0.0028   -0.0000    0.0027    0.0003   -0.0003    0.0004   -0.0020

