num =

   1.0e-05 *

    0.0550         0   -0.1100         0    0.0550

den =

    1.0000   -3.9208    5.8411   -3.9168    0.9979