num =

   1.0e-11 *

   -0.0108   -0.0000    0.0539   -0.0000   -0.1079    0.0000    0.1079   -0.0000   -0.0539    0.0000    0.0108


den =

    1.0000   -9.2343   39.1056  -99.9073  170.4176 -202.7267  170.3068  -99.7774   39.0294   -9.2103    0.9968
