num =

   1.0e-06 *

  Columns 1 through 13

    0.0015    0.0000   -0.0147   -0.0000    0.0661   -0.0000   -0.1762   -0.0000    0.3083   -0.0000   -0.3699   -0.0000    0.3083

  Columns 14 through 21

   -0.0000   -0.1762   -0.0000    0.0661    0.0000   -0.0147   -0.0000    0.0015

den =

   1.0e+04 *

  Columns 1 through 13

    0.0001   -0.0014    0.0092   -0.0404    0.1302   -0.3264    0.6583   -1.0927    1.5151   -1.7711    1.7544   -1.4751    1.0510

  Columns 14 through 21

   -0.6313    0.3167   -0.1308    0.0435   -0.0112    0.0021   -0.0003    0.0000