num =

   1.0e-05 *

    0.0629         0   -0.1258         0    0.0629
den =

    1.0000   -3.9968    5.9915   -3.9927    0.9979