num =

   1.0e-05 *

    0.2594         0   -0.5187         0    0.2594

den =

    1.0000   -3.9928    5.9836   -3.9887    0.9979