num =

   1.0e-05 *

    0.0550         0   -0.1100         0    0.0550

den =

    1.0000   -3.9785    5.9551   -3.9744    0.9979