num =

  Columns 1 through 13

    0.0000   -0.0000    0.0000    0.0000   -0.0000   -0.0000    0.0000   -0.0000    0.0000    0.0000    0.0000   -0.0000   -0.0000

  Columns 14 through 26

    0.0000   -0.0000    0.0000    0.0000   -0.0000   -0.0000    0.0000   -0.0000   -0.0000    0.0000    0.0000   -0.0000   -0.0000

  Columns 27 through 39

    0.0000   -0.0000    0.0000    0.0000   -0.0000   -0.0000   -0.0000    0.0000   -0.0000    0.0000    0.0000   -0.0000   -0.0000

  Columns 40 through 52

    0.0000   -0.0000   -0.0000    0.0000    0.0000   -0.0000   -0.0000    0.0000   -0.0000    0.0000    0.0000   -0.0000   -0.0000

  Columns 53 through 65

   -0.0000    0.0000   -0.0000    0.0000    0.0000   -0.0000   -0.0000    0.0000   -0.0000   -0.0000    0.0000    0.0000   -0.0000

  Columns 66 through 78

   -0.0000    0.0000   -0.0000    0.0000    0.0000   -0.0000   -0.0000   -0.0000    0.0000   -0.0000    0.0000    0.0000   -0.0000

  Columns 79 through 91

   -0.0000    0.0000    0.0000   -0.0000    0.0000    0.0000   -0.0000   -0.0000    0.0000   -0.0000    0.0000    0.0000   -0.0000

  Columns 92 through 104

   -0.0000   -0.0000    0.0000   -0.0000    0.0000    0.0000   -0.0000   -0.0000    0.0000   -0.0000   -0.0000    0.0001    0.0000

  Columns 105 through 117

   -0.0001   -0.0000    0.0000   -0.0000    0.0000    0.0001   -0.0000   -0.0001   -0.0000    0.0000   -0.0000    0.0000    0.0001

  Columns 118 through 130

   -0.0000   -0.0001    0.0000   -0.0000   -0.0000    0.0001    0.0000   -0.0001   -0.0001    0.0000   -0.0000    0.0000    0.0001

  Columns 131 through 143

   -0.0000   -0.0001   -0.0000    0.0000   -0.0000    0.0001    0.0001   -0.0001   -0.0001    0.0000   -0.0000   -0.0000    0.0001

  Columns 144 through 156

    0.0001   -0.0001   -0.0001    0.0000   -0.0000    0.0000    0.0002    0.0000   -0.0002   -0.0000    0.0000   -0.0000    0.0001

  Columns 157 through 169

    0.0002   -0.0001   -0.0002    0.0000   -0.0000   -0.0000    0.0002    0.0001   -0.0002   -0.0001    0.0000   -0.0000    0.0000

  Columns 170 through 182

    0.0002    0.0000   -0.0002   -0.0000    0.0000   -0.0001    0.0001    0.0002   -0.0001   -0.0002    0.0000   -0.0000   -0.0000

  Columns 183 through 195

    0.0002    0.0001   -0.0003   -0.0002    0.0001   -0.0000    0.0001    0.0003   -0.0000   -0.0003   -0.0001    0.0001   -0.0001

  Columns 196 through 208

    0.0002    0.0003   -0.0002   -0.0003    0.0000   -0.0000   -0.0000    0.0003    0.0002   -0.0003   -0.0002    0.0001   -0.0001

  Columns 209 through 221

    0.0001    0.0004   -0.0000   -0.0004   -0.0001    0.0001   -0.0001    0.0003    0.0004   -0.0002   -0.0004    0.0000    0.0000

  Columns 222 through 234

   -0.0000    0.0005    0.0003   -0.0005   -0.0003    0.0001   -0.0001    0.0001    0.0006   -0.0000   -0.0006   -0.0001    0.0001

  Columns 235 through 247

   -0.0001    0.0004    0.0006   -0.0003   -0.0006    0.0001   -0.0000   -0.0001    0.0006    0.0004   -0.0006   -0.0004    0.0001

  Columns 248 through 260

   -0.0001    0.0002    0.0008   -0.0000   -0.0008   -0.0002    0.0001   -0.0002    0.0005    0.0007   -0.0004   -0.0007    0.0001

  Columns 261 through 273

   -0.0000   -0.0001    0.0008    0.0005   -0.0008   -0.0005    0.0002   -0.0002    0.0002    0.0010   -0.0000   -0.0010   -0.0002

  Columns 274 through 286

    0.0002   -0.0002    0.0006    0.0009   -0.0005   -0.0010    0.0001   -0.0000   -0.0001    0.0010    0.0006   -0.0010   -0.0007

  Columns 287 through 299

    0.0002   -0.0002    0.0003    0.0012    0.0000   -0.0013   -0.0003    0.0002   -0.0003    0.0008    0.0012   -0.0007   -0.0012

  Columns 300 through 312

    0.0001   -0.0000   -0.0001    0.0013    0.0008   -0.0013   -0.0009    0.0003   -0.0002    0.0003    0.0016   -0.0000   -0.0016

  Columns 313 through 325

   -0.0003    0.0003   -0.0003    0.0010    0.0015   -0.0009   -0.0015    0.0001   -0.0000   -0.0001    0.0016    0.0010   -0.0017

  Columns 326 through 338

   -0.0011    0.0004   -0.0003    0.0004    0.0020   -0.0000   -0.0021   -0.0004    0.0003   -0.0004    0.0012    0.0019   -0.0011

  Columns 339 through 351

   -0.0020    0.0002   -0.0000   -0.0002    0.0020    0.0012   -0.0021   -0.0014    0.0005   -0.0004    0.0005    0.0025   -0.0000

  Columns 352 through 364

   -0.0026   -0.0005    0.0004   -0.0006    0.0016    0.0024   -0.0014   -0.0025    0.0002    0.0000   -0.0002    0.0026    0.0015

  Columns 365 through 377

   -0.0027   -0.0017    0.0006   -0.0005    0.0007    0.0032   -0.0000   -0.0033   -0.0007    0.0005   -0.0007    0.0020    0.0031

  Columns 378 through 390

   -0.0018   -0.0031    0.0003   -0.0000   -0.0003    0.0033    0.0019   -0.0034   -0.0022    0.0008   -0.0006    0.0008    0.0041

  Columns 391 through 403

   -0.0000   -0.0042   -0.0009    0.0007   -0.0009    0.0025    0.0039   -0.0023   -0.0041    0.0004   -0.0000   -0.0004    0.0043

  Columns 404 through 416

    0.0025   -0.0044   -0.0029    0.0011   -0.0008    0.0011    0.0054   -0.0000   -0.0055   -0.0012    0.0009   -0.0012    0.0033

  Columns 417 through 429

    0.0052   -0.0031   -0.0054    0.0005   -0.0000   -0.0005    0.0057    0.0034   -0.0059   -0.0039    0.0014   -0.0011    0.0015

  Columns 430 through 442

    0.0073    0.0000   -0.0075   -0.0016    0.0012   -0.0016    0.0046    0.0072   -0.0042   -0.0074    0.0007   -0.0000   -0.0007

  Columns 443 through 455

    0.0080    0.0048   -0.0083   -0.0055    0.0020   -0.0016    0.0021    0.0105   -0.0000   -0.0110   -0.0023    0.0018   -0.0024

  Columns 456 through 468

    0.0068    0.0108   -0.0064   -0.0113    0.0011   -0.0000   -0.0011    0.0126    0.0075   -0.0133   -0.0089    0.0033   -0.0026

  Columns 469 through 481

    0.0036    0.0178   -0.0000   -0.0191   -0.0041    0.0032   -0.0044    0.0126    0.0202   -0.0123   -0.0221    0.0021   -0.0000

  Columns 482 through 494

   -0.0024    0.0271    0.0167   -0.0305   -0.0211    0.0082   -0.0068    0.0096    0.0508   -0.0000   -0.0622   -0.0144    0.0127

  Columns 495 through 507

   -0.0193    0.0636    0.1224   -0.0951   -0.2449    0.0452    0.3000    0.0452   -0.2449   -0.0951    0.1224    0.0636   -0.0193

  Columns 508 through 520

    0.0127   -0.0144   -0.0622   -0.0000    0.0508    0.0096   -0.0068    0.0082   -0.0211   -0.0305    0.0167    0.0271   -0.0024

  Columns 521 through 533

   -0.0000    0.0021   -0.0221   -0.0123    0.0202    0.0126   -0.0044    0.0032   -0.0041   -0.0191   -0.0000    0.0178    0.0036

  Columns 534 through 546

   -0.0026    0.0033   -0.0089   -0.0133    0.0075    0.0126   -0.0011   -0.0000    0.0011   -0.0113   -0.0064    0.0108    0.0068

  Columns 547 through 559

   -0.0024    0.0018   -0.0023   -0.0110   -0.0000    0.0105    0.0021   -0.0016    0.0020   -0.0055   -0.0083    0.0048    0.0080

  Columns 560 through 572

   -0.0007   -0.0000    0.0007   -0.0074   -0.0042    0.0072    0.0046   -0.0016    0.0012   -0.0016   -0.0075    0.0000    0.0073

  Columns 573 through 585

    0.0015   -0.0011    0.0014   -0.0039   -0.0059    0.0034    0.0057   -0.0005   -0.0000    0.0005   -0.0054   -0.0031    0.0052

  Columns 586 through 598

    0.0033   -0.0012    0.0009   -0.0012   -0.0055   -0.0000    0.0054    0.0011   -0.0008    0.0011   -0.0029   -0.0044    0.0025

  Columns 599 through 611

    0.0043   -0.0004   -0.0000    0.0004   -0.0041   -0.0023    0.0039    0.0025   -0.0009    0.0007   -0.0009   -0.0042   -0.0000

  Columns 612 through 624

    0.0041    0.0008   -0.0006    0.0008   -0.0022   -0.0034    0.0019    0.0033   -0.0003   -0.0000    0.0003   -0.0031   -0.0018

  Columns 625 through 637

    0.0031    0.0020   -0.0007    0.0005   -0.0007   -0.0033   -0.0000    0.0032    0.0007   -0.0005    0.0006   -0.0017   -0.0027

  Columns 638 through 650

    0.0015    0.0026   -0.0002    0.0000    0.0002   -0.0025   -0.0014    0.0024    0.0016   -0.0006    0.0004   -0.0005   -0.0026

