num =

   1.0e-03 *

  Columns 1 through 13

    0.0008    0.0000   -0.0083   -0.0000    0.0372   -0.0000   -0.0992    0.0000    0.1737   -0.0000   -0.2084    0.0000    0.1737

  Columns 14 through 21

   -0.0000   -0.0992    0.0000    0.0372   -0.0000   -0.0083         0    0.0008

den =

  Columns 1 through 13

    1.0000   -1.2106    6.9680   -7.1565   21.8215  -19.1142   40.4431  -30.1737   49.0993  -30.9497   40.7619  -21.3500   23.4060

  Columns 14 through 21

   -9.8893    9.1637   -2.9619    2.3360   -0.5199    0.3491   -0.0407    0.0231