num =

   1.0e-03 *

  Columns 1 through 13

    0.0007    0.0000   -0.0069         0    0.0309   -0.0000   -0.0825    0.0000    0.1444   -0.0000   -0.1733   -0.0000    0.1444

  Columns 14 through 21

    0.0000   -0.0825   -0.0000    0.0309    0.0000   -0.0069   -0.0000    0.0007


den =

  Columns 1 through 13

    1.0000   -1.7309    7.7371  -10.6707   26.0329  -29.4323   50.6555  -47.5643   63.4039  -49.5437   53.4225  -34.4406   30.6726

  Columns 14 through 21

  -15.9552   11.8238   -4.7432    2.9164   -0.8198    0.4126   -0.0627    0.0251
