num =

  Columns 1 through 13

    0.0000   -0.0000   -0.0000   -0.0000   -0.0000    0.0000    0.0000   -0.0000   -0.0000    0.0000    0.0000    0.0000    0.0000

  Columns 14 through 26

    0.0000   -0.0000   -0.0000   -0.0000   -0.0000    0.0000    0.0000   -0.0000   -0.0000   -0.0000    0.0000    0.0000    0.0000

  Columns 27 through 39

    0.0000   -0.0000   -0.0000   -0.0000   -0.0000   -0.0000    0.0000    0.0000   -0.0000   -0.0000    0.0000    0.0000    0.0000

  Columns 40 through 52

    0.0000   -0.0000   -0.0000   -0.0000   -0.0000   -0.0000    0.0000    0.0000   -0.0000   -0.0000    0.0000    0.0000    0.0000

  Columns 53 through 65

    0.0000    0.0000   -0.0000   -0.0000   -0.0000   -0.0000    0.0000    0.0000   -0.0000   -0.0000   -0.0000    0.0000    0.0000

  Columns 66 through 78

    0.0000    0.0000   -0.0000   -0.0000   -0.0000   -0.0000   -0.0000    0.0000    0.0000   -0.0000   -0.0000    0.0000    0.0000

  Columns 79 through 91

    0.0000    0.0000    0.0000   -0.0000   -0.0000   -0.0000   -0.0000    0.0000    0.0000   -0.0000   -0.0000    0.0000    0.0000

  Columns 92 through 104

    0.0000    0.0000    0.0000   -0.0000   -0.0000   -0.0000   -0.0000    0.0000    0.0000   -0.0000   -0.0000   -0.0000    0.0000

  Columns 105 through 117

    0.0001    0.0001    0.0000   -0.0000   -0.0001   -0.0001   -0.0000   -0.0000    0.0000    0.0000   -0.0000   -0.0000    0.0000

  Columns 118 through 130

    0.0001    0.0001    0.0001   -0.0000   -0.0001   -0.0001   -0.0001   -0.0000    0.0000    0.0000   -0.0000   -0.0000    0.0000

  Columns 131 through 143

    0.0001    0.0001    0.0001    0.0000   -0.0001   -0.0001   -0.0001   -0.0000    0.0000    0.0000   -0.0000   -0.0000   -0.0000

  Columns 144 through 156

    0.0001    0.0001    0.0001    0.0001   -0.0000   -0.0001   -0.0002   -0.0001   -0.0000    0.0000    0.0000   -0.0000   -0.0000

  Columns 157 through 169

    0.0000    0.0001    0.0002    0.0001   -0.0000   -0.0001   -0.0002   -0.0002   -0.0000    0.0000    0.0000   -0.0000   -0.0000

  Columns 170 through 182

    0.0000    0.0001    0.0002    0.0002    0.0001   -0.0001   -0.0002   -0.0002   -0.0001    0.0000    0.0001   -0.0000   -0.0001

  Columns 183 through 195

   -0.0000    0.0001    0.0003    0.0003    0.0002   -0.0001   -0.0003   -0.0003   -0.0002   -0.0000    0.0001    0.0000   -0.0001

  Columns 196 through 208

   -0.0001    0.0001    0.0003    0.0004    0.0003   -0.0000   -0.0003   -0.0004   -0.0003   -0.0001    0.0001    0.0001   -0.0000

  Columns 209 through 221

   -0.0001    0.0000    0.0002    0.0004    0.0004    0.0001   -0.0002   -0.0005   -0.0004   -0.0002    0.0000    0.0001    0.0000

  Columns 222 through 234

   -0.0001   -0.0000    0.0002    0.0005    0.0005    0.0003   -0.0001   -0.0005   -0.0006   -0.0003   -0.0000    0.0001    0.0001

  Columns 235 through 247

   -0.0001   -0.0001    0.0001    0.0005    0.0006    0.0005   -0.0000   -0.0005   -0.0007   -0.0005   -0.0001    0.0001    0.0001

  Columns 248 through 260

   -0.0001   -0.0002    0.0000    0.0004    0.0007    0.0007    0.0002   -0.0004   -0.0008   -0.0007   -0.0003    0.0001    0.0002

  Columns 261 through 273

   -0.0000   -0.0002   -0.0001    0.0003    0.0008    0.0009    0.0005   -0.0003   -0.0008   -0.0009   -0.0006   -0.0000    0.0002

  Columns 274 through 286

    0.0001   -0.0002   -0.0002    0.0002    0.0008    0.0011    0.0008   -0.0000   -0.0008   -0.0011   -0.0009   -0.0002    0.0002

  Columns 287 through 299

    0.0002   -0.0001   -0.0003    0.0001    0.0007    0.0012    0.0011    0.0003   -0.0007   -0.0013   -0.0012   -0.0005    0.0001

  Columns 300 through 312

    0.0003   -0.0000   -0.0003   -0.0001    0.0006    0.0013    0.0015    0.0008   -0.0004   -0.0014   -0.0015   -0.0009   -0.0001

  Columns 313 through 325

    0.0003    0.0001   -0.0003   -0.0003    0.0004    0.0013    0.0018    0.0013   -0.0000   -0.0013   -0.0019   -0.0014   -0.0004

  Columns 326 through 338

    0.0003    0.0003   -0.0002   -0.0004    0.0001    0.0012    0.0020    0.0018    0.0006   -0.0011   -0.0021   -0.0019   -0.0009

  Columns 339 through 351

    0.0002    0.0005   -0.0000   -0.0005   -0.0002    0.0009    0.0021    0.0024    0.0013   -0.0007   -0.0022   -0.0025   -0.0015

  Columns 352 through 364

   -0.0001    0.0005    0.0002   -0.0004   -0.0005    0.0006    0.0021    0.0028    0.0021    0.0000   -0.0021   -0.0030   -0.0022

  Columns 365 through 377

   -0.0006    0.0005    0.0005   -0.0003   -0.0007    0.0002    0.0019    0.0032    0.0029    0.0009   -0.0017   -0.0034   -0.0031

  Columns 378 through 390

   -0.0014    0.0003    0.0007   -0.0000   -0.0008   -0.0003    0.0015    0.0034    0.0038    0.0020   -0.0011   -0.0036   -0.0040

  Columns 391 through 403

   -0.0024   -0.0002    0.0009    0.0004   -0.0007   -0.0007    0.0009    0.0034    0.0046    0.0034   -0.0000   -0.0035   -0.0049

  Columns 404 through 416

   -0.0036   -0.0010    0.0008    0.0008   -0.0005   -0.0011    0.0003    0.0031    0.0053    0.0049    0.0015   -0.0029   -0.0057

  Columns 417 through 429

   -0.0052   -0.0023    0.0005    0.0013   -0.0000   -0.0013   -0.0005    0.0025    0.0059    0.0066    0.0035   -0.0019   -0.0063

  Columns 430 through 442

   -0.0070   -0.0042   -0.0004    0.0016    0.0007   -0.0013   -0.0013    0.0017    0.0061    0.0085    0.0062   -0.0000   -0.0064

  Columns 443 through 455

   -0.0091   -0.0069   -0.0020    0.0016    0.0016   -0.0009   -0.0021    0.0005    0.0061    0.0106    0.0098    0.0030   -0.0060

  Columns 456 through 468

   -0.0117   -0.0108   -0.0049    0.0010    0.0027   -0.0000   -0.0028   -0.0012    0.0057    0.0133    0.0152    0.0082   -0.0044

  Columns 469 through 481

   -0.0151   -0.0172   -0.0105   -0.0009    0.0041    0.0018   -0.0034   -0.0037    0.0048    0.0178    0.0253    0.0190   -0.0000

  Columns 482 through 494

   -0.0210   -0.0310   -0.0242   -0.0072    0.0062    0.0063   -0.0037   -0.0096    0.0024    0.0318    0.0600    0.0612    0.0211

  Columns 495 through 507

   -0.0475   -0.1086   -0.1224   -0.0720    0.0226    0.1130    0.1500    0.1130    0.0226   -0.0720   -0.1224   -0.1086   -0.0475

  Columns 508 through 520

    0.0211    0.0612    0.0600    0.0318    0.0024   -0.0096   -0.0037    0.0063    0.0062   -0.0072   -0.0242   -0.0310   -0.0210

  Columns 521 through 533

   -0.0000    0.0190    0.0253    0.0178    0.0048   -0.0037   -0.0034    0.0018    0.0041   -0.0009   -0.0105   -0.0172   -0.0151

  Columns 534 through 546

   -0.0044    0.0082    0.0152    0.0133    0.0057   -0.0012   -0.0028   -0.0000    0.0027    0.0010   -0.0049   -0.0108   -0.0117

  Columns 547 through 559

   -0.0060    0.0030    0.0098    0.0106    0.0061    0.0005   -0.0021   -0.0009    0.0016    0.0016   -0.0020   -0.0069   -0.0091

  Columns 560 through 572

   -0.0064   -0.0000    0.0062    0.0085    0.0061    0.0017   -0.0013   -0.0013    0.0007    0.0016   -0.0004   -0.0042   -0.0070

  Columns 573 through 585

   -0.0063   -0.0019    0.0035    0.0066    0.0059    0.0025   -0.0005   -0.0013   -0.0000    0.0013    0.0005   -0.0023   -0.0052

  Columns 586 through 598

   -0.0057   -0.0029    0.0015    0.0049    0.0053    0.0031    0.0003   -0.0011   -0.0005    0.0008    0.0008   -0.0010   -0.0036

  Columns 599 through 611

   -0.0049   -0.0035   -0.0000    0.0034    0.0046    0.0034    0.0009   -0.0007   -0.0007    0.0004    0.0009   -0.0002   -0.0024

  Columns 612 through 624

   -0.0040   -0.0036   -0.0011    0.0020    0.0038    0.0034    0.0015   -0.0003   -0.0008   -0.0000    0.0007    0.0003   -0.0014

  Columns 625 through 637

   -0.0031   -0.0034   -0.0017    0.0009    0.0029    0.0032    0.0019    0.0002   -0.0007   -0.0003    0.0005    0.0005   -0.0006

  Columns 638 through 650

   -0.0022   -0.0030   -0.0021    0.0000    0.0021    0.0028    0.0021    0.0006   -0.0005   -0.0004    0.0002    0.0005   -0.0001

